time, x, y, heading, heading_to_target, heading_pid, target_x, target_y
Position: [35.518, 148.666], Heading: -179.9932, Look Ahead: 100, Finish Margin: 10
2369, 35.518, 148.666, -179.9932, -126.1527, 0.5384057, -23.47588, 67.9212
2384, 35.518, 148.666, -179.9932, -126.1527, 0.5384057, -23.47588, 67.9212
2393, 36.6153, 148.666, -179.9927, -126.8622, 0.5313053, -23.37399, 68.65798
2410, 43.47342, 148.6588, -180.0533, -130.4893, 0.4956399, -23.093, 70.69
2426, 46.21667, 148.6574, -180.0825, -131.6357, 0.4844675, -23.093, 70.69
2443, 53.34913, 148.657, -180.0856, -134.4342, 0.4565143, -23.093, 70.69
2460, 56.3667, 148.6603, -180.0232, -135.542, 0.4448111, -23.093, 70.69
2476, 64.04774, 148.6911, -179.793, -138.1678, 0.4162526, -23.093, 70.69
2493, 72.55168, 148.7381, -179.4762, -140.7848, 0.386914, -23.093, 70.69
2510, 77.21519, 148.7523, -179.3016, -142.109, 0.3719261, -23.093, 70.69
2526, 87.63923, 148.8339, -178.8536, -144.7893, 0.3406429, -23.093, 70.69
2543, 92.57704, 148.8535, -178.6259, -145.9513, 0.3267461, -23.093, 70.69
2560, 105.1956, 148.951, -178.1832, -148.6152, 0.2956799, -23.093, 70.69
2576, 110.6821, 148.9728, -177.9552, -149.6646, 0.2829066, -23.093, 70.69
2593, 125.7688, 149.1585, -177.2502, -152.2052, 0.2504494, -23.093, 70.69
2610, 132.0782, 149.1844, -177.0145, -153.1671, 0.2384743, -23.093, 70.69
2626, 144.9711, 149.2824, -176.5792, -154.9376, 0.2164157, -23.093, 70.69
2643, 157.8641, 149.3747, -176.1688, -156.4993, 0.1966945, -23.093, 70.69
2660, 164.9965, 149.4006, -175.9614, -157.2919, 0.1866949, -23.093, 70.69
2676, 178.7124, 149.4939, -175.5717, -158.6696, 0.1690204, -23.093, 70.69
2693, 192.7027, 149.5852, -175.1978, -159.9175, 0.1528026, -23.093, 70.69
2710, 199.8351, 149.608, -174.8423, -160.5057, 0.1433664, -23.093, 70.69
2726, 214.0997, 149.6954, -174.6632, -161.5778, 0.1308539, -23.093, 70.69
2743, 228.6387, 149.7814, -174.3245, -162.5578, 0.1176671, -23.093, 70.69
2760, 236.0454, 149.8045, -174.1458, -163.0227, 0.1112317, -23.093, 70.69
2776, 250.3101, 149.8838, -173.8272, -163.8458, 0.09981385, -23.093, 70.69
2793, 264.8492, 149.953, -173.5543, -164.6091, 0.08945221, -23.093, 70.69
2810, 272.2559, 149.9694, -173.4275, -164.9745, 0.08452972, -23.093, 70.69
2826, 286.7951, 150.0287, -173.1937, -165.6394, 0.07554352, -23.093, 70.69
2843, 302.1572, 150.0852, -172.9832, -166.2821, 0.06701141, -23.093, 70.69
2860, 309.8382, 150.0976, -172.8904, -166.585, 0.06305405, -23.093, 70.69
2876, 324.9261, 150.1385, -172.7353, -167.1404, 0.05594818, -23.093, 70.69
2893, 340.5625, 150.1814, -172.5781, -167.6697, 0.04908401, -23.093, 70.69
2910, 348.2436, 150.1918, -172.5006, -167.9156, 0.04584946, -23.093, 70.69
2926, 364.1544, 150.236, -172.3412, -168.3921, 0.03949143, -23.093, 70.69
2943, 379.7909, 150.2797, -172.1812, -168.8251, 0.03356125, -23.093, 70.69
2960, 388.0206, 150.2915, -172.099, -169.0417, 0.03057282, -23.093, 70.69
2976, 403.9314, 150.3329, -171.9498, -169.4353, 0.02514527, -23.093, 70.69
2993, 420.1165, 150.379, -171.7866, -169.8071, 0.01979507, -23.093, 70.69
3010, 427.7976, 150.392, -171.6894, -169.9756, 0.01713821, -23.093, 70.69
3026, 448.0976, 150.4467, -171.5351, -170.3928, 0.01142242, -23.093, 70.69
3043, 456.6017, 150.4577, -171.4611, -170.5587, 0.00902359, -23.093, 70.69
3060, 473.0611, 150.4288, -171.5616, -170.8698, 0.006917572, -23.093, 70.69
3076, 481.0165, 150.4257, -171.5839, -171.0119, 0.005720062, -23.093, 70.69
3093, 498.0247, 150.4531, -171.4918, -171.2977, 0.001940155, -23.093, 70.69
3110, 514.7585, 150.4755, -171.4151, -171.5622, -0.0014711, -23.093, 70.69
3126, 523.2625, 150.4826, -171.3675, -171.691, -0.003234558, -23.093, 70.69
3143, 540.2707, 150.5077, -171.283, -171.9359, -0.006529846, -23.093, 70.69
3160, 556.7301, 150.5337, -171.1923, -172.1595, -0.009672089, -23.093, 70.69
3176, 565.2342, 150.5406, -171.1461, -172.2708, -0.01124649, -23.093, 70.69
3193, 581.4194, 150.5574, -171.0866, -172.4737, -0.01387131, -23.093, 70.69
3210, 598.1533, 150.5758, -171.0235, -172.6726, -0.01649109, -23.093, 70.69
3226, 606.1086, 150.5786, -171.0032, -172.764, -0.01760712, -23.093, 70.69
3243, 622.8425, 150.5829, -170.9888, -172.9491, -0.01960342, -23.093, 70.69
3260, 639.5763, 150.5826, -170.9899, -173.1255, -0.0213562, -23.093, 70.69
3276, 647.5317, 150.5841, -170.9791, -173.2061, -0.02227081, -23.093, 70.69
3293, 664.2655, 150.5761, -171.0064, -173.3707, -0.02364304, -23.093, 70.69
3310, 681.2737, 150.5784, -170.9986, -173.5292, -0.02530655, -23.093, 70.69
3326, 689.5035, 150.5787, -170.9965, -173.6033, -0.0260675, -23.093, 70.69
3343, 705.9629, 150.5811, -170.9882, -173.7464, -0.02758148, -23.093, 70.69
3360, 724.6171, 150.589, -170.9638, -173.9006, -0.02936783, -23.093, 70.69
3376, 733.1212, 150.5918, -170.9453, -173.9685, -0.03023178, -23.093, 70.69
3393, 751.5009, 150.6071, -170.8977, -174.1095, -0.03211716, -23.093, 70.69
3410, 760.005, 150.6114, -170.8686, -174.1727, -0.03304108, -23.093, 70.69
3426, 775.9159, 150.6283, -170.8076, -174.2867, -0.03479126, -23.093, 70.69
3443, 792.3753, 150.6371, -170.777, -174.4007, -0.03623642, -23.093, 70.69
3460, 800.6051, 150.642, -170.743, -174.456, -0.03712906, -23.093, 70.69
3476, 817.0646, 150.6532, -170.7038, -174.5632, -0.03859299, -23.093, 70.69
3493, 833.524, 150.6609, -170.6772, -174.6665, -0.03989303, -23.093, 70.69
3510, 842.0281, 150.6613, -170.6742, -174.7186, -0.04044434, -23.093, 70.69
3526, 858.4876, 150.6748, -170.6273, -174.8158, -0.04188538, -23.093, 70.69
3543, 874.9471, 150.6963, -170.5525, -174.9089, -0.04356461, -23.093, 70.69
3560, 883.4512, 150.7014, -170.5185, -174.9561, -0.04437668, -23.093, 70.69
3576, 899.9106, 150.7254, -170.4347, -175.0442, -0.04609436, -23.093, 70.69
3593, 916.3701, 150.7459, -170.3635, -175.1293, -0.04765839, -23.093, 70.69
3610, 924.5998, 150.7514, -170.3254, -175.1711, -0.04845734, -23.093, 70.69
3626, 942.7052, 150.7729, -170.2572, -175.2599, -0.05002701, -23.093, 70.69
3643, 959.4391, 150.7869, -170.2094, -175.3395, -0.05130143, -23.093, 70.69
3660, 967.6688, 150.7889, -170.1949, -175.3779, -0.05183075, -23.093, 70.69
3676, 984.1283, 150.7948, -170.1746, -175.4528, -0.05278168, -23.093, 70.69
3693, 1000.862, 150.8014, -170.1517, -175.5264, -0.05374771, -23.093, 70.69
3710, 1011.012, 150.8043, -170.1354, -175.57, -0.05434586, -23.093, 70.69
3726, 1027.746, 150.8143, -170.1014, -175.6397, -0.05538376, -23.093, 70.69
3743, 1044.754, 150.8157, -170.0963, -175.7088, -0.05612488, -23.093, 70.69
3760, 1050.789, 150.8161, -170.0927, -175.7329, -0.05640137, -23.093, 70.69
3776, 1069.443, 150.8208, -170.0784, -175.8052, -0.05726822, -23.093, 70.69
3793, 1086.177, 150.8226, -170.0724, -175.8682, -0.05795807, -23.093, 70.69
3810, 1094.681, 150.8221, -170.0754, -175.8995, -0.05824112, -23.093, 70.69
3826, 1111.141, 150.8179, -170.0899, -175.959, -0.05869141, -23.093, 70.69
3843, 1127.6, 150.8074, -170.1265, -176.0172, -0.05890701, -23.093, 70.69
3860, 1135.83, 150.8064, -170.1334, -176.0454, -0.05911987, -23.093, 70.69
3876, 1152.838, 150.796, -170.1685, -176.1029, -0.05934464, -23.093, 70.69
3893, 1169.572, 150.7913, -170.1847, -176.1577, -0.05973038, -23.093, 70.69
3910, 1178.35, 150.7897, -170.195, -176.1857, -0.05990784, -23.093, 70.69
3926, 1196.73, 150.8012, -170.1592, -176.2425, -0.06083283, -23.093, 70.69
3943, 1204.96, 150.8066, -170.1216, -176.2674, -0.06145737, -23.093, 70.69
3960, 1221.419, 150.8256, -170.0554, -176.3157, -0.06260329, -23.093, 70.69
3976, 1229.923, 150.8321, -170.012, -176.3404, -0.06328415, -23.093, 70.69
3993, 1246.383, 150.8576, -169.9232, -176.3865, -0.06463318, -23.093, 70.69
4010, 1262.842, 150.8749, -169.8627, -176.4319, -0.06569168, -23.093, 70.69
4026, 1270.523, 150.8793, -169.8303, -176.4529, -0.06622529, -23.093, 70.69
4043, 1286.983, 150.8973, -169.7677, -176.4965, -0.06728836, -23.093, 70.69
4060, 1303.717, 150.9142, -169.7098, -176.5399, -0.06830063, -23.093, 70.69
4076, 1311.946, 150.9147, -169.706, -176.5611, -0.06855133, -23.093, 70.69
4093, 1328.406, 150.9197, -169.6888, -176.6027, -0.06913909, -23.093, 70.69
4110, 1344.865, 150.9257, -169.6677, -176.6432, -0.0697557, -23.093, 70.69
4126, 1353.369, 150.9272, -169.6579, -176.6639, -0.07006013, -23.093, 70.69
4143, 1369.829, 150.9441, -169.599, -176.7025, -0.07103546, -23.093, 70.69
4160, 1386.563, 150.9676, -169.5187, -176.7406, -0.07221938, -23.093, 70.69
4176, 1394.792, 150.9727, -169.4831, -176.7593, -0.07276154, -23.093, 70.69
4193, 1411.526, 150.9881, -169.4305, -176.7964, -0.07365906, -23.093, 70.69
4210, 1427.711, 151.0051, -169.3703, -176.8314, -0.0746112, -23.093, 70.69
4226, 1436.215, 151.0106, -169.3328, -176.8496, -0.07516754, -23.093, 70.69
4243, 1452.949, 151.0204, -169.2994, -176.8849, -0.07585435, -23.093, 70.69
4260, 1469.683, 151.0238, -169.2876, -176.9196, -0.07631943, -23.093, 70.69
4276, 1478.187, 151.0239, -169.2869, -176.937, -0.07650071, -23.093, 70.69
4293, 1494.921, 151.0335, -169.2543, -176.9703, -0.07716035, -23.093, 70.69
4310, 1511.38, 151.0421, -169.2241, -177.0025, -0.07778382, -23.093, 70.69
4326, 1520.159, 151.0466, -169.1949, -177.0193, -0.07824402, -23.093, 70.69
4343, 1536.892, 151.0501, -169.1831, -177.0511, -0.07867995, -23.093, 70.69
4360, 1556.095, 151.0577, -169.1604, -177.0866, -0.07926225, -23.093, 70.69
4376, 1564.325, 151.0579, -169.1592, -177.1017, -0.07942534, -23.093, 70.69
4393, 1583.528, 151.0556, -169.1659, -177.1363, -0.07970459, -23.093, 70.69
4410, 1592.032, 151.0551, -169.1691, -177.1514, -0.07982285, -23.093, 70.69
4426, 1608.491, 151.05, -169.1868, -177.1803, -0.07993454, -23.093, 70.69
4443, 1625.499, 151.0454, -169.2026, -177.2095, -0.08006912, -23.093, 70.69
4460, 1634.278, 151.0396, -169.2399, -177.2245, -0.07984572, -23.093, 70.69
4476, 1651.286, 151.0326, -169.2634, -177.2528, -0.07989395, -23.093, 70.69
4493, 1668.294, 151.021, -169.3028, -177.2808, -0.07977981, -23.093, 70.69
4510, 1676.798, 151.0184, -169.3201, -177.2945, -0.07974365, -23.093, 70.69
4526, 1695.726, 151.0044, -169.3626, -177.3247, -0.07962097, -23.093, 70.69
4543, 1712.46, 150.9869, -169.4222, -177.351, -0.07928803, -23.093, 70.69
4560, 1721.239, 150.9838, -169.4426, -177.3645, -0.0792189, -23.093, 70.69
4576, 1737.972, 150.9721, -169.4827, -177.3898, -0.07907134, -23.093, 70.69
4593, 1754.432, 150.962, -169.518, -177.4143, -0.07896286, -23.093, 70.69
4610, 1764.856, 150.9583, -169.538, -177.4295, -0.07891449, -23.093, 70.69
4626, 1781.864, 150.9431, -169.5894, -177.4541, -0.078647, -23.093, 70.69
4643, 1798.598, 150.9383, -169.6057, -177.4776, -0.07871963, -23.093, 70.69
4660, 1807.376, 150.9363, -169.6187, -177.4898, -0.07871047, -23.093, 70.69
4676, 1824.11, 150.9374, -169.6149, -177.5125, -0.07897553, -23.093, 70.69
4693, 1841.393, 150.9345, -169.6246, -177.5356, -0.07910966, -23.093, 70.69
4710, 1849.622, 150.9339, -169.6289, -177.5464, -0.07917542, -23.093, 70.69
4726, 1866.905, 150.9381, -169.615, -177.5687, -0.07953736, -23.093, 70.69
4743, 1883.364, 150.9435, -169.5962, -177.5895, -0.07993256, -23.093, 70.69
4760, 1891.32, 150.9466, -169.5736, -177.5994, -0.08025864, -23.093, 70.69
4776, 1906.408, 150.9582, -169.5296, -177.6178, -0.08088181, -23.093, 70.69
4793, 1922.867, 150.9651, -169.5054, -177.6377, -0.08132294, -23.093, 70.69
4810, 1931.097, 150.9657, -169.5018, -177.6477, -0.08145858, -23.093, 70.69
4826, 1949.751, 150.9595, -169.5209, -177.6701, -0.08149216, -23.093, 70.69
4843, 1957.706, 150.9593, -169.5222, -177.6794, -0.08157242, -23.093, 70.69
4860, 1976.635, 150.9447, -169.5663, -177.7018, -0.08135452, -23.093, 70.69
4876, 1984.59, 150.941, -169.5926, -177.711, -0.08118392, -23.093, 70.69
4893, 2001.598, 150.9271, -169.6395, -177.7306, -0.0809108, -23.093, 70.69
4910, 2018.332, 150.9172, -169.6735, -177.7494, -0.08075958, -23.093, 70.69
4926, 2026.562, 150.9136, -169.6981, -177.7586, -0.08060455, -23.093, 70.69
4943, 2043.021, 150.9045, -169.73, -177.7767, -0.08046676, -23.093, 70.69
4960, 2059.755, 150.8942, -169.7653, -177.7948, -0.08029479, -23.093, 70.69
4976, 2067.985, 150.8933, -169.7715, -177.8035, -0.08032013, -23.093, 70.69
4993, 2084.444, 150.8799, -169.818, -177.821, -0.08002975, -23.093, 70.69
5010, 2100.904, 150.8705, -169.8509, -177.8381, -0.07987198, -23.093, 70.69
5026, 2109.133, 150.8704, -169.8511, -177.8464, -0.07995392, -23.093, 70.69
5043, 2125.593, 150.8695, -169.8543, -177.8629, -0.08008682, -23.093, 70.69
5060, 2142.052, 150.8654, -169.8685, -177.8793, -0.08010804, -23.093, 70.69
5076, 2150.282, 150.8655, -169.868, -177.8873, -0.08019272, -23.093, 70.69
5093, 2166.742, 150.8757, -169.8324, -177.9029, -0.08070465, -23.093, 70.69
5110, 2182.927, 150.8889, -169.7859, -177.9179, -0.08132081, -23.093, 70.69
5126, 2191.157, 150.8924, -169.761, -177.9256, -0.08164566, -23.093, 70.69
5143, 2209.536, 150.9063, -169.7177, -177.9423, -0.0822458, -23.093, 70.69
5160, 2225.722, 150.9225, -169.6605, -177.9567, -0.08296219, -23.093, 70.69
5176, 2234.5, 150.9225, -169.6605, -177.9646, -0.08304153, -23.093, 70.69
5193, 2250.959, 150.9252, -169.651, -177.9793, -0.08328262, -23.093, 70.69
5210, 2258.641, 150.9247, -169.6546, -177.9861, -0.08331513, -23.093, 70.69
5226, 2275.1, 150.9221, -169.6639, -178.0005, -0.08336639, -23.093, 70.69
5243, 2295.949, 150.9094, -169.6988, -178.0188, -0.08320023, -23.093, 70.69
5260, 2304.178, 150.9094, -169.6986, -178.0258, -0.08327179, -23.093, 70.69
5276, 2320.912, 150.9039, -169.7174, -178.04, -0.08322662, -23.093, 70.69
5293, 2329.142, 150.9021, -169.7298, -178.0469, -0.08317139, -23.093, 70.69
5310, 2349.991, 150.8782, -169.7955, -178.0647, -0.08269135, -23.093, 70.69
5326, 2358.22, 150.8737, -169.8267, -178.0715, -0.08244705, -23.093, 70.69
5343, 2374.68, 150.8513, -169.9048, -178.0852, -0.08180436, -23.093, 70.69
5360, 2391.139, 150.8271, -169.989, -178.0988, -0.08109879, -23.093, 70.69
5376, 2399.369, 150.8241, -170.01, -178.1054, -0.08095383, -23.093, 70.69
5393, 2415.828, 150.7948, -170.1121, -178.1188, -0.08006715, -23.093, 70.69
5410, 2432.013, 150.7661, -170.2135, -178.1319, -0.07918365, -23.093, 70.69
5426, 2440.792, 150.756, -170.2792, -178.1388, -0.07859528, -23.093, 70.69
5443, 2457.251, 150.7204, -170.4033, -178.1519, -0.07748612, -23.093, 70.69
5460, 2474.259, 150.6845, -170.5242, -178.1653, -0.0764119, -23.093, 70.69
5476, 2482.764, 150.677, -170.5748, -178.1717, -0.07596923, -23.093, 70.69
5493, 2499.497, 150.6494, -170.6693, -178.1845, -0.07515213, -23.093, 70.69
5510, 2516.231, 150.6271, -170.7455, -178.1969, -0.07451432, -23.093, 70.69
5526, 2524.735, 150.6261, -170.7525, -178.203, -0.0745047, -23.093, 70.69
5543, 2541.469, 150.6212, -170.7695, -178.2148, -0.07445344, -23.093, 70.69
5560, 2549.425, 150.6215, -170.7667, -178.2203, -0.07453614, -23.093, 70.69
5576, 2565.884, 150.6164, -170.7845, -178.2317, -0.0744719, -23.093, 70.69
5593, 2582.618, 150.6076, -170.8146, -178.2433, -0.07428635, -23.093, 70.69
5610, 2590.847, 150.607, -170.8188, -178.2488, -0.07430008, -23.093, 70.69
5626, 2607.581, 150.6068, -170.8198, -178.2599, -0.07440156, -23.093, 70.69
5643, 2624.04, 150.6075, -170.8174, -178.2707, -0.07453384, -23.093, 70.69
5660, 2632.545, 150.6069, -170.8208, -178.2763, -0.07455444, -23.093, 70.69
5676, 2649.278, 150.6063, -170.823, -178.2871, -0.07464051, -23.093, 70.69
5693, 2665.738, 150.6037, -170.8321, -178.2976, -0.07465469, -23.093, 70.69
5710, 2674.516, 150.6035, -170.8333, -178.3032, -0.07469925, -23.093, 70.69
5726, 2690.976, 150.6023, -170.8373, -178.3135, -0.07476166, -23.093, 70.69
5743, 2711.824, 150.6044, -170.8317, -178.3263, -0.07494568, -23.093, 70.69
5760, 2720.603, 150.6063, -170.8192, -178.3316, -0.07512375, -23.093, 70.69
5776, 2737.062, 150.616, -170.7854, -178.3413, -0.0755597, -23.093, 70.69
5793, 2753.522, 150.6219, -170.7647, -178.351, -0.07586319, -23.093, 70.69
5810, 2761.752, 150.6232, -170.756, -178.3559, -0.07599914, -23.093, 70.69
5826, 2778.211, 150.6236, -170.7548, -178.3655, -0.07610764, -23.093, 70.69
5843, 2795.219, 150.6228, -170.7572, -178.3754, -0.07618255, -23.093, 70.69
5860, 2803.449, 150.6228, -170.7576, -178.3801, -0.07622559, -23.093, 70.69
5876, 2819.909, 150.626, -170.7463, -178.3894, -0.07643097, -23.093, 70.69
5893, 2837.191, 150.6339, -170.7201, -178.399, -0.07678909, -23.093, 70.69
5910, 2845.147, 150.6346, -170.715, -178.4034, -0.07688476, -23.093, 70.69
5926, 2861.88, 150.6431, -170.6859, -178.4125, -0.07726593, -23.093, 70.69
5943, 2879.163, 150.6573, -170.6389, -178.4217, -0.07782806, -23.093, 70.69
5960, 2886.844, 150.6603, -170.6169, -178.4258, -0.07808945, -23.093, 70.69
5976, 2903.852, 150.6642, -170.6036, -178.4349, -0.07831268, -23.093, 70.69
5993, 2912.356, 150.6638, -170.6065, -178.4394, -0.0783287, -23.093, 70.69
6010, 2933.204, 150.6674, -170.5966, -178.4503, -0.07853761, -23.093, 70.69
6026, 2941.434, 150.6671, -170.5983, -178.4546, -0.07856339, -23.093, 70.69
6043, 2958.717, 150.6671, -170.5984, -178.4636, -0.07865143, -23.093, 70.69
6060, 2975.451, 150.6701, -170.5883, -178.4721, -0.07883788, -23.093, 70.69
6076, 2983.955, 150.6706, -170.5842, -178.4764, -0.0789215, -23.093, 70.69
6093, 3001.237, 150.6695, -170.5881, -178.4851, -0.07897049, -23.093, 70.69
6110, 3018.245, 150.6693, -170.5889, -178.4936, -0.07904678, -23.093, 70.69
6126, 3026.475, 150.6711, -170.5757, -178.4976, -0.0792189, -23.093, 70.69
6143, 3043.209, 150.6785, -170.5505, -178.5057, -0.079552, -23.093, 70.69
6160, 3059.943, 150.6867, -170.5224, -178.5137, -0.0799121, -23.093, 70.69
6176, 3068.447, 150.6872, -170.5194, -178.5177, -0.07998321, -23.093, 70.69
6193, 3084.906, 150.6895, -170.5114, -178.5255, -0.0801416, -23.093, 70.69
6210, 3101.64, 150.6883, -170.5153, -178.5334, -0.08018188, -23.093, 70.69
6226, 3110.144, 150.6889, -170.5115, -178.5374, -0.08025893, -23.093, 70.69
6243, 3127.427, 150.6812, -170.5371, -178.5456, -0.08008438, -23.093, 70.69
6260, 3144.435, 150.6771, -170.551, -178.5534, -0.08002426, -23.093, 70.69
6276, 3152.939, 150.6752, -170.5636, -178.5573, -0.07993759, -23.093, 70.69
6293, 3169.947, 150.6675, -170.5896, -178.5652, -0.07975555, -23.093, 70.69
6310, 3186.406, 150.6697, -170.5819, -178.5725, -0.07990555, -23.093, 70.69
6326, 3195.184, 150.6705, -170.5764, -178.5764, -0.07999954, -23.093, 70.69
6343, 3211.644, 150.6758, -170.5578, -178.5835, -0.08025695, -23.093, 70.69
6360, 3228.652, 150.6789, -170.5475, -178.5909, -0.08043335, -23.093, 70.69
6376, 3236.882, 150.6803, -170.5375, -178.5944, -0.080569, -23.093, 70.69
6393, 3253.341, 150.6851, -170.5211, -178.6014, -0.08080292, -23.093, 70.69
6410, 3270.075, 150.6791, -170.5414, -178.6086, -0.08067154, -23.093, 70.69
6426, 3280.774, 150.6769, -170.5534, -178.6131, -0.08059754, -23.093, 70.69
6443, 3299.154, 150.6589, -170.6094, -178.6211, -0.08011673, -23.093, 70.69
6460, 3307.658, 150.655, -170.6358, -178.6247, -0.07988892, -23.093, 70.69
6476, 3326.312, 150.6312, -170.709, -178.6327, -0.07923798, -23.093, 70.69
6493, 3334.816, 150.6274, -170.7346, -178.6363, -0.07901657, -23.093, 70.69
6510, 3353.745, 150.5926, -170.8398, -178.6445, -0.07804703, -23.093, 70.69
6526, 3361.974, 150.5886, -170.8673, -178.6479, -0.07780518, -23.093, 70.69
6543, 3378.434, 150.5899, -170.863, -178.6544, -0.07791352, -23.093, 70.69
6560, 3395.168, 150.5894, -170.8645, -178.661, -0.07796478, -23.093, 70.69
6576, 3403.671, 150.5901, -170.8602, -178.6643, -0.07804047, -23.093, 70.69
6593, 3420.131, 150.5946, -170.8444, -178.6706, -0.07826157, -23.093, 70.69
6610, 3436.865, 150.5984, -170.8316, -178.677, -0.07845321, -23.093, 70.69
6626, 3445.094, 150.5982, -170.8328, -178.6801, -0.07847351, -23.093, 70.69
6643, 3462.103, 150.5952, -170.843, -178.6866, -0.07843628, -23.093, 70.69
6660, 3478.837, 150.585, -170.8778, -178.693, -0.07815201, -23.093, 70.69
6676, 3487.341, 150.5849, -170.8787, -178.6962, -0.07817459, -23.093, 70.69
6693, 3504.075, 150.5761, -170.9089, -178.7025, -0.07793671, -23.093, 70.69
6710, 3520.808, 150.574, -170.9158, -178.7087, -0.07792847, -23.093, 70.69
6726, 3531.507, 150.5691, -170.9421, -178.7127, -0.07770569, -23.093, 70.69
6743, 3547.966, 150.5701, -170.9386, -178.7186, -0.07779984, -23.093, 70.69
6760, 3564.7, 150.5654, -170.9548, -178.7246, -0.07769775, -23.093, 70.69
6776, 3572.93, 150.5684, -170.934, -178.7275, -0.07793503, -23.093, 70.69
6793, 3591.858, 150.5656, -170.9423, -178.7342, -0.0779187, -23.093, 70.69
6810, 3600.088, 150.5663, -170.9378, -178.737, -0.07799286, -23.093, 70.69
6826, 3617.096, 150.56, -170.959, -178.7431, -0.07784028, -23.093, 70.69
6843, 3633.556, 150.5576, -170.9674, -178.7488, -0.07781326, -23.093, 70.69
6860, 3642.334, 150.5596, -170.9537, -178.7517, -0.07797974, -23.093, 70.69
6876, 3658.794, 150.5612, -170.9482, -178.7573, -0.07809036, -23.093, 70.69
6893, 3675.253, 150.56, -170.9525, -178.7628, -0.07810349, -23.093, 70.69
6910, 3683.758, 150.5602, -170.9509, -178.7656, -0.07814713, -23.093, 70.69
6926, 3699.942, 150.5502, -170.9863, -178.7712, -0.0778482, -23.093, 70.69
6943, 3716.401, 150.3902, -171.5435, -178.779, -0.0723555, -23.093, 70.69
6960, 3724.356, 150.3417, -172.2424, -178.7823, -0.06539917, -23.093, 70.69
6976, 3739.991, 150.1471, -172.6058, -178.7904, -0.06184616, -23.093, 70.69
6993, 3755.352, 149.9687, -173.2709, -178.798, -0.05527054, -23.093, 70.69
7010, 3763.034, 149.9309, -173.553, -178.801, -0.05247986, -23.093, 70.69
7026, 3780.59, 149.7747, -174.063, -178.8089, -0.0474588, -23.093, 70.69
7043, 3788.819, 149.7457, -174.2648, -178.8119, -0.04547074, -23.093, 70.69
7060, 3809.119, 149.6069, -174.6566, -178.8203, -0.04163635, -23.093, 70.69
7076, 3817.349, 149.5764, -174.8686, -178.8232, -0.0395459, -23.093, 70.69
7093, 3833.259, 149.4412, -175.3555, -178.8301, -0.03474625, -23.093, 70.69
7110, 3849.169, 149.2902, -175.8993, -178.8371, -0.02937836, -23.093, 70.69
7126, 3857.124, 149.2593, -176.1218, -178.84, -0.0271817, -23.093, 70.69
7143, 3873.035, 149.152, -176.508, -178.8463, -0.02338257, -23.093, 70.69
7160, 3888.671, 149.0754, -176.7888, -178.852, -0.02063278, -23.093, 70.69
7176, 3896.901, 149.055, -176.9307, -178.8547, -0.01924057, -23.093, 70.69
7193, 3912.537, 149.0008, -177.1295, -178.8601, -0.0173053, -23.093, 70.69
7210, 3928.997, 148.9539, -177.2928, -178.8655, -0.01572723, -23.093, 70.69
7226, 3937.226, 148.9434, -177.3659, -178.868, -0.01502121, -23.093, 70.69
7243, 3957.801, 148.9048, -177.4734, -178.8744, -0.01401001, -23.093, 70.69
7260, 3965.756, 148.8919, -177.5659, -178.8768, -0.01310974, -23.093, 70.69
7276, 3982.49, 148.853, -177.699, -178.8821, -0.01183045, -23.093, 70.69
7293, 3990.171, 148.8409, -177.7894, -178.8844, -0.01094971, -23.093, 70.69
7310, 4011.02, 148.8125, -177.8676, -178.8906, -0.01022934, -23.093, 70.69
7326, 4018.701, 148.8044, -177.9279, -178.8928, -0.009648438, -23.093, 70.69
7343, 4035.16, 148.7844, -177.9974, -178.8976, -0.009001618, -23.093, 70.69
7360, 4051.345, 148.7647, -178.0672, -178.9022, -0.008349763, -23.093, 70.69
7376, 4059.301, 148.7602, -178.0994, -178.9044, -0.008050536, -23.093, 70.69
7393, 4075.212, 148.7508, -178.1332, -178.9088, -0.007755738, -23.093, 70.69
7410, 4093.317, 148.764, -178.0917, -178.9134, -0.00821701, -23.093, 70.69
7426, 4101.272, 148.764, -178.0917, -178.9155, -0.008237915, -23.093, 70.69
7443, 4119.378, 148.7862, -178.0212, -178.9199, -0.008987579, -23.093, 70.69
7460, 4127.608, 148.7881, -178.008, -178.9221, -0.009140778, -23.093, 70.69
7476, 4145.988, 148.8105, -177.9382, -178.9265, -0.009882964, -23.093, 70.69
7493, 4153.669, 148.8133, -177.9176, -178.9284, -0.01010864, -23.093, 70.69
7510, 4172.323, 148.8379, -177.8421, -178.9329, -0.01090744, -23.093, 70.69
7526, 4180.004, 148.8409, -177.8195, -178.9348, -0.01115295, -23.093, 70.69
7543, 4196.189, 148.9029, -177.6001, -178.938, -0.01337936, -23.093, 70.69
7560, 4212.373, 149.0416, -177.1088, -178.9402, -0.0183136, -23.093, 70.69
7576, 4219.78, 149.08, -176.8122, -178.9415, -0.02129349, -23.093, 70.69
7593, 4235.141, 149.2254, -176.2697, -178.9434, -0.0267366, -23.093, 70.69
7610, 4250.229, 149.347, -175.808, -178.9455, -0.03137451, -23.093, 70.69
7626, 4257.636, 149.3699, -175.6313, -178.947, -0.0331572, -23.093, 70.69
7643, 4272.724, 149.4491, -175.3303, -178.9496, -0.03619309, -23.093, 70.69
7660, 4288.086, 149.5127, -175.0932, -178.9525, -0.03859344, -23.093, 70.69
7676, 4295.767, 149.5268, -174.9882, -178.9542, -0.03966065, -23.093, 70.69
7693, 4315.244, 149.589, -174.8053, -178.9581, -0.04152847, -23.093, 70.69
7710, 4322.925, 149.5996, -174.7258, -178.9598, -0.04234009, -23.093, 70.69
7726, 4338.287, 149.6389, -174.5793, -178.9629, -0.04383621, -23.093, 70.69
7743, 4353.924, 149.6488, -174.5432, -178.9665, -0.04423356, -23.093, 70.69
7760, 4361.605, 149.6258, -174.7143, -178.9686, -0.04254318, -23.093, 70.69
7776, 4377.515, 149.4877, -175.2117, -178.9742, -0.03762466, -23.093, 70.69
7793, 4393.7, 149.3432, -175.7231, -178.9798, -0.03256638, -23.093, 70.69
7810, 4401.106, 149.3118, -175.9664, -178.9819, -0.03015533, -23.093, 70.69
7826, 4417.565, 149.1889, -176.3942, -178.9873, -0.02593094, -23.093, 70.69
7843, 4433.475, 149.0617, -176.852, -178.9925, -0.02140503, -23.093, 70.69
7860, 4441.705, 149.0652, -176.8276, -178.9943, -0.02166703, -23.093, 70.69
7876, 4462.554, 149.0109, -176.9771, -178.9997, -0.02022598, -23.093, 70.69
7893, 4470.784, 148.9997, -177.0551, -179.0017, -0.01946564, -23.093, 70.69
7910, 4487.792, 148.9526, -177.2136, -179.006, -0.01792389, -23.093, 70.69
7926, 4496.023, 148.9404, -177.2986, -179.008, -0.01709427, -23.093, 70.69
7943, 4513.031, 148.8899, -177.4686, -179.0123, -0.01543732, -23.093, 70.69
7960, 4530.038, 148.8317, -177.6649, -179.0168, -0.01351898, -23.093, 70.69
7976, 4537.994, 148.8194, -177.7537, -179.0186, -0.01264969, -23.093, 70.69
7993, 4554.728, 148.7849, -177.8717, -179.0226, -0.01150925, -23.093, 70.69
8010, 4571.462, 148.7725, -177.9139, -179.0264, -0.01112442, -23.093, 70.69
8026, 4579.418, 148.7697, -177.9343, -179.0281, -0.01093781, -23.093, 70.69
8043, 4596.151, 148.7309, -178.0673, -179.0321, -0.009647522, -23.093, 70.69
8060, 4612.885, 148.6766, -178.253, -179.0362, -0.007832794, -23.093, 70.69
8079, 4621.115, 148.6606, -178.4672, -179.0381, -0.005708923, -23.093, 70.69
8093, 4642.238, 148.5862, -178.5663, -179.0434, -0.004770966, -23.093, 70.69
8110, 4658.971, 148.5251, -178.7755, -179.0476, -0.0027211, -23.093, 70.69
8126, 4667.201, 148.5096, -178.8834, -179.0494, -0.001660767, -23.093, 70.69
8143, 4684.209, 148.4509, -179.0812, -179.0536, 0.0002758789, -23.093, 70.69
8160, 4692.165, 148.4389, -179.1673, -179.0553, 0.001119232, -23.093, 70.69
8176, 4713.013, 148.3418, -179.4343, -179.0607, 0.003736877, -23.093, 70.69
8193, 4721.243, 148.3322, -179.5008, -179.0624, 0.00438385, -23.093, 70.69
8210, 4737.703, 148.2957, -179.6278, -179.0661, 0.005617676, -23.093, 70.69
8226, 4745.933, 148.2874, -179.6859, -179.0678, 0.006181183, -23.093, 70.69
8243, 4762.666, 148.2604, -179.7782, -179.0714, 0.007068177, -23.093, 70.69
8260, 4781.595, 148.24, -179.84, -179.0753, 0.0076474, -23.093, 70.69
8276, 4789.825, 148.238, -179.8538, -179.0769, 0.007768707, -23.093, 70.69
8293, 4806.833, 148.2318, -179.8749, -179.0802, 0.007946778, -23.093, 70.69
8310, 4823.567, 148.2282, -179.8872, -179.0834, 0.008038026, -23.093, 70.69
8326, 4832.071, 148.2274, -179.8923, -179.0851, 0.008072662, -23.093, 70.69
8343, 4848.804, 148.2225, -179.9092, -179.0882, 0.008209991, -23.093, 70.69
8360, 4865.539, 148.2146, -179.9361, -179.0915, 0.008446656, -23.093, 70.69
8376, 4873.769, 148.211, -179.9615, -179.093, 0.008684386, -23.093, 70.69
8393, 4890.502, 148.199, -180.0024, -179.0962, 0.009061584, -23.093, 70.69
8410, 4907.236, 148.1853, -180.0493, -179.0995, 0.009498444, -23.093, 70.69
8426, 4915.466, 148.1839, -180.0589, -179.101, 0.009579164, -23.093, 70.69
8443, 4932.474, 148.1807, -180.0699, -179.1041, 0.009657594, -23.093, 70.69
8460, 4949.208, 148.1812, -180.0682, -179.1071, 0.009611054, -23.093, 70.69
8476, 4957.712, 148.1833, -180.0538, -179.1086, 0.009451904, -23.093, 70.69
8493, 4974.446, 148.1896, -180.0324, -179.1115, 0.009208679, -23.093, 70.69
8510, 4990.905, 148.201, -179.9928, -179.1143, 0.008784791, -23.093, 70.69
8526, 4999.135, 148.2029, -179.9795, -179.1157, 0.008637391, -23.093, 70.69
8543, 5015.594, 148.1233, -180.2564, -179.1195, 0.01136871, -23.093, 70.69
8560, 5034.248, 147.9052, -180.9262, -179.1253, 0.01800934, -23.093, 70.69
8576, 5041.929, 147.8654, -181.2231, -179.127, 0.02096024, -23.093, 70.69
8593, 5058.388, 147.7336, -181.6821, -179.1314, 0.02550766, -23.093, 70.69
8610, 5066.343, 147.7473, -181.5833, -179.1326, 0.0245076, -23.093, 70.69
8626, 5078.684, 148.0456, -180.1987, -179.1313, 0.01067352, -23.093, 70.69
8643, 5087.455, 148.3925, -177.934, -179.1289, -0.01194885, -23.093, 70.69
8660, 5091.295, 148.4656, -176.8435, -179.1288, -0.02285233, -23.093, 70.69
8676, 5102.265, 148.7372, -175.4249, -179.1276, -0.03702698, -23.093, 70.69
8693, 5110.767, 148.9236, -174.1691, -179.127, -0.0495781, -23.093, 70.69
8710, 5114.058, 148.9561, -173.6037, -179.1271, -0.05523468, -23.093, 70.69
8726, 5125.302, 149.2375, -172.1702, -179.1259, -0.06955719, -23.093, 70.69
8743, 5132.982, 149.3391, -171.4118, -179.1261, -0.07714248, -23.093, 70.69
8760, 5138.743, 149.3808, -170.9979, -179.1266, -0.08128723, -23.093, 70.69
8776, 5150.26, 149.6893, -169.4636, -179.1251, -0.09661499, -23.093, 70.69
8793, 5159.861, 149.8588, -168.4519, -179.1249, -0.1067294, -23.093, 70.69
8810, 5164.25, 149.8804, -168.1691, -179.1254, -0.1095625, -23.093, 70.69
8826, 5175.497, 149.9742, -167.6915, -179.1262, -0.1143477, -23.093, 70.69
8843, 5180.435, 149.9931, -167.4725, -179.1268, -0.116543, -23.093, 70.69
8860, 5192.505, 150.0931, -166.9979, -179.1278, -0.1212993, -23.093, 70.69
8876, 5197.717, 150.1056, -166.8598, -179.1285, -0.1226874, -23.093, 70.69
8893, 5209.513, 150.1564, -166.6134, -179.1299, -0.1251654, -23.093, 70.69
8910, 5222.132, 150.1919, -166.4518, -179.1316, -0.1267981, -23.093, 70.69
8926, 5228.441, 150.2015, -166.3654, -179.1326, -0.1276717, -23.093, 70.69
8943, 5242.158, 150.1502, -166.5796, -179.1354, -0.1255574, -23.093, 70.69
8960, 5247.919, 150.1185, -166.8943, -179.1367, -0.1224233, -23.093, 70.69
8976, 5261.36, 149.9969, -167.4129, -179.1402, -0.1172727, -23.093, 70.69
8993, 5267.12, 149.972, -167.6608, -179.1414, -0.1148064, -23.093, 70.69
9010, 5284.95, 149.772, -168.3034, -179.1464, -0.1084305, -23.093, 70.69
9026, 5289.888, 149.7579, -168.4668, -179.1474, -0.1068059, -23.093, 70.69
9043, 5304.976, 149.7061, -168.6636, -179.1503, -0.1048677, -23.093, 70.69
9060, 5311.834, 149.6902, -168.7958, -179.1516, -0.1035582, -23.093, 70.69
9076, 5327.196, 149.5399, -169.3563, -179.1556, -0.09799301, -23.093, 70.69
9093, 5333.504, 149.5026, -169.6958, -179.1571, -0.09461243, -23.093, 70.69
9110, 5348.042, 149.2971, -170.5053, -179.1615, -0.08656204, -23.093, 70.69
9126, 5354.9, 149.2712, -170.7224, -179.1628, -0.08440446, -23.093, 70.69
9143, 5368.616, 149.1752, -171.1231, -179.166, -0.08042954, -23.093, 70.69
9160, 5385.623, 149.0418, -171.5725, -179.17, -0.0759758, -23.093, 70.69
9176, 5392.756, 149.0111, -171.8197, -179.1715, -0.07351792, -23.093, 70.69
9193, 5406.746, 148.8995, -172.2763, -179.1748, -0.06898438, -23.093, 70.69
9210, 5414.153, 148.8726, -172.4845, -179.1762, -0.06691695, -23.093, 70.69
9226, 5432.258, 148.7466, -172.8834, -179.1803, -0.06296814, -23.093, 70.69
9243, 5439.664, 148.7165, -173.1159, -179.1817, -0.0606572, -23.093, 70.69
9260, 5454.203, 148.571, -173.6893, -179.1854, -0.05496048, -23.093, 70.69
9276, 5461.884, 148.533, -173.973, -179.1869, -0.05213898, -23.093, 70.69
9293, 5476.972, 148.3968, -174.4902, -179.1905, -0.04700363, -23.093, 70.69
9310, 5492.607, 148.2773, -174.9281, -179.1941, -0.04265991, -23.093, 70.69
9326, 5500.288, 148.2523, -175.1144, -179.1955, -0.04081024, -23.093, 70.69
9343, 5516.199, 148.1691, -175.4142, -179.1986, -0.03784439, -23.093, 70.69
9360, 5536.224, 148.0541, -175.7431, -179.2027, -0.03459641, -23.093, 70.69
9376, 5543.906, 148.0423, -175.8314, -179.2039, -0.03372559, -23.093, 70.69
9393, 5559.542, 148.0111, -175.9456, -179.2065, -0.03260925, -23.093, 70.69
9410, 5567.497, 148.0038, -175.9981, -179.2077, -0.03209595, -23.093, 70.69
9426, 5587.797, 147.9876, -176.0438, -179.2107, -0.0316687, -23.093, 70.69
9443, 5595.479, 147.9852, -176.0621, -179.2118, -0.0314975, -23.093, 70.69
9460, 5611.938, 147.9987, -176.015, -179.214, -0.0319899, -23.093, 70.69
9476, 5619.619, 148.006, -175.9604, -179.215, -0.03254578, -23.093, 70.69
9493, 5636.079, 148.0525, -175.7986, -179.2168, -0.03418183, -23.093, 70.69
9510, 5652.538, 148.1015, -175.6282, -179.2186, -0.03590348, -23.093, 70.69
9526, 5660.493, 148.1138, -175.5393, -179.2195, -0.03680267, -23.093, 70.69
9543, 5676.679, 148.1578, -175.3834, -179.2213, -0.0383786, -23.093, 70.69
9560, 5692.589, 148.1992, -175.2344, -179.2231, -0.03988633, -23.093, 70.69
9576, 5704.66, 148.2387, -175.0469, -179.2243, -0.04177353, -23.093, 70.69
9593, 5720.296, 148.3264, -174.7255, -179.2255, -0.04500061, -23.093, 70.69
9610, 5728.251, 148.3529, -174.5346, -179.2264, -0.04691711, -23.093, 70.69
9626, 5744.162, 148.4422, -174.2133, -179.2276, -0.05014343, -23.093, 70.69
9643, 5760.346, 148.6269, -173.5592, -179.2279, -0.05668702, -23.093, 70.69
9660, 5768.027, 148.7091, -172.9464, -179.2282, -0.06281769, -23.093, 70.69
9676, 5783.386, 149.0075, -171.8334, -179.2272, -0.07393846, -23.093, 70.69
9693, 5798.198, 149.2293, -170.9754, -179.227, -0.08251634, -23.093, 70.69
9710, 5805.879, 149.2776, -170.6153, -179.2276, -0.0861226, -23.093, 70.69
9726, 5824.531, 149.4956, -169.9456, -179.2279, -0.09282318, -23.093, 70.69
9743, 5831.938, 149.5349, -169.642, -179.2285, -0.09586472, -23.093, 70.69
9760, 5848.945, 149.7079, -169.0593, -179.229, -0.1016974, -23.093, 70.69
9776, 5856.352, 149.7435, -168.7839, -179.2297, -0.1044579, -23.093, 70.69
9793, 5871.714, 149.8774, -168.2845, -179.2304, -0.1094591, -23.093, 70.69
9810, 5888.721, 150.0499, -167.7034, -179.2309, -0.1152753, -23.093, 70.69
9826, 5896.129, 150.0499, -167.7034, -179.2319, -0.1152849, -23.093, 70.69
9843, 5911.489, 150.172, -167.2479, -179.2327, -0.1198474, -23.093, 70.69
9860, 5919.719, 150.1913, -167.1136, -179.2336, -0.1212, -23.093, 70.69
9876, 5938.922, 150.2536, -166.9276, -179.2354, -0.1230785, -23.093, 70.69
9893, 5946.329, 150.2653, -166.8373, -179.2362, -0.1239896, -23.093, 70.69
9910, 5963.886, 150.3033, -166.7131, -179.2381, -0.1252507, -23.093, 70.69
9926, 5971.841, 150.3105, -166.6618, -179.2391, -0.1257726, -23.093, 70.69
9943, 5987.478, 150.3398, -166.5543, -179.2408, -0.1268652, -23.093, 70.69
9960, 6002.84, 150.3661, -166.4564, -179.2425, -0.1278609, -23.093, 70.69
9976, 6010.795, 150.3734, -166.4034, -179.2434, -0.1283997, -23.093, 70.69
9993, 6026.706, 150.3994, -166.31, -179.2451, -0.1293518, -23.093, 70.69
10010, 6044.538, 150.4229, -166.2343, -179.2471, -0.1301288, -23.093, 70.69
10026, 6052.219, 150.4261, -166.2109, -179.248, -0.1303719, -23.093, 70.69
10043, 6070.05, 150.4451, -166.1498, -179.2501, -0.1310027, -23.093, 70.69
10060, 6078.279, 150.4486, -166.125, -179.2511, -0.1312608, -23.093, 70.69
10076, 6095.562, 150.4614, -166.0827, -179.2531, -0.1317036, -23.093, 70.69
10093, 6103.792, 150.4628, -166.0726, -179.254, -0.1318138, -23.093, 70.69
10110, 6121.898, 150.4642, -166.0685, -179.2562, -0.1318774, -23.093, 70.69
10126, 6130.128, 150.4657, -166.0579, -179.2572, -0.1319929, -23.093, 70.69
10143, 6146.314, 150.469, -166.0461, -179.2591, -0.1321301, -23.093, 70.69
10160, 6162.498, 150.473, -166.0319, -179.261, -0.132291, -23.093, 70.69
10176, 6170.728, 150.4742, -166.0234, -179.262, -0.1323857, -23.093, 70.69
10193, 6187.188, 150.4761, -166.0171, -179.2639, -0.1324681, -23.093, 70.69
10210, 6203.373, 150.4725, -166.0296, -179.2659, -0.1323624, -23.093, 70.69
10226, 6211.603, 150.4711, -166.0393, -179.2669, -0.1322751, -23.093, 70.69
10243, 6228.063, 150.4651, -166.0603, -179.2688, -0.1320859, -23.093, 70.69
10260, 6246.716, 150.4586, -166.0803, -179.2711, -0.1319078, -23.093, 70.69
10276, 6254.946, 150.4562, -166.0972, -179.272, -0.1317488, -23.093, 70.69
10293, 6273.601, 150.4386, -166.1511, -179.2744, -0.1312329, -23.093, 70.69
10310, 6282.104, 150.4347, -166.1778, -179.2754, -0.1309753, -23.093, 70.69
10326, 6300.484, 150.4208, -166.2212, -179.2776, -0.1305644, -23.093, 70.69
10343, 6308.714, 150.4216, -166.2155, -179.2785, -0.1306306, -23.093, 70.69
10360, 6327.368, 150.4238, -166.2086, -179.2806, -0.1307201, -23.093, 70.69
10376, 6335.872, 150.4264, -166.1911, -179.2816, -0.130905, -23.093, 70.69
10393, 6352.332, 150.4367, -166.1551, -179.2833, -0.1312819, -23.093, 70.69
10410, 6368.791, 150.4429, -166.1336, -179.2851, -0.1315154, -23.093, 70.69
10426, 6377.295, 150.4446, -166.1224, -179.2861, -0.1316368, -23.093, 70.69
10443, 6394.029, 150.444, -166.1244, -179.2879, -0.131635, -23.093, 70.69
10460, 6410.763, 150.4464, -166.1162, -179.2898, -0.1317354, -23.093, 70.69
10476, 6418.718, 150.4446, -166.1294, -179.2907, -0.1316131, -23.093, 70.69
10493, 6435.726, 150.4411, -166.141, -179.2926, -0.1315155, -23.093, 70.69
10510, 6452.461, 150.4286, -166.1839, -179.2945, -0.1311058, -23.093, 70.69
10526, 6460.964, 150.4277, -166.1897, -179.2954, -0.1310574, -23.093, 70.69
10543, 6477.698, 150.4181, -166.2227, -179.2973, -0.1307462, -23.093, 70.69
10560, 6494.706, 150.4095, -166.2516, -179.2992, -0.1304759, -23.093, 70.69
10576, 6502.936, 150.4109, -166.2418, -179.3001, -0.130583, -23.093, 70.69
10593, 6519.67, 150.403, -166.2689, -179.302, -0.1303305, -23.093, 70.69
10610, 6538.599, 150.3916, -166.3034, -179.3041, -0.1300072, -23.093, 70.69
10626, 6546.828, 150.3903, -166.3127, -179.305, -0.1299228, -23.093, 70.69
10643, 6565.483, 150.3798, -166.3448, -179.307, -0.1296222, -23.093, 70.69
10660, 6573.712, 150.3784, -166.3546, -179.3079, -0.1295332, -23.093, 70.69
10676, 6594.836, 150.3515, -166.4278, -179.3103, -0.1288255, -23.093, 70.69
10693, 6603.34, 150.3476, -166.4535, -179.3113, -0.1285777, -23.093, 70.69
10710, 6624.187, 150.3383, -166.4791, -179.3135, -0.1283443, -23.093, 70.69
10726, 6632.418, 150.3386, -166.4773, -179.3143, -0.128371, -23.093, 70.69
10743, 6649.7, 150.3374, -166.4813, -179.3161, -0.1283485, -23.093, 70.69
10760, 6657.931, 150.3367, -166.486, -179.317, -0.1283093, -23.093, 70.69
10776, 6678.779, 150.3388, -166.4801, -179.3191, -0.1283897, -23.093, 70.69
10793, 6687.009, 150.3376, -166.4884, -179.3199, -0.1283157, -23.093, 70.69
10810, 6705.937, 150.3332, -166.5018, -179.3219, -0.1282008, -23.093, 70.69
10826, 6714.715, 150.3294, -166.5266, -179.3228, -0.1279622, -23.093, 70.69
10843, 6731.175, 150.3196, -166.5606, -179.3245, -0.1276395, -23.093, 70.69
10860, 6747.635, 150.3053, -166.6106, -179.3263, -0.1271567, -23.093, 70.69
10876, 6756.139, 150.2998, -166.6471, -179.3272, -0.1268005, -23.093, 70.69
10893, 6772.872, 150.2812, -166.7109, -179.329, -0.1261806, -23.093, 70.69
10910, 6789.332, 150.2547, -166.8032, -179.3308, -0.1252762, -23.093, 70.69
10926, 6798.11, 150.2498, -166.8351, -179.3317, -0.1249664, -23.093, 70.69
10943, 6814.57, 150.2204, -166.9376, -179.3336, -0.12396, -23.093, 70.69
10960, 6831.577, 150.1961, -167.0192, -179.3355, -0.1231624, -23.093, 70.69
10976, 6839.807, 150.1888, -167.0704, -179.3363, -0.1226593, -23.093, 70.69
10993, 6856.542, 150.1685, -167.14, -179.3381, -0.1219804, -23.093, 70.69
11010, 6873.275, 150.1553, -167.1851, -179.3398, -0.1215475, -23.093, 70.69
11026, 6881.505, 150.1485, -167.2322, -179.3406, -0.1210841, -23.093, 70.69
11043, 6898.239, 150.1258, -167.3102, -179.3424, -0.1203224, -23.093, 70.69
11060, 6917.168, 150.0961, -167.4001, -179.3445, -0.1194437, -23.093, 70.69
11076, 6925.397, 150.0923, -167.4265, -179.3453, -0.1191873, -23.093, 70.69
11093, 6941.857, 150.0633, -167.5273, -179.3471, -0.1181978, -23.093, 70.69
11110, 6950.635, 150.0577, -167.5638, -179.3479, -0.1178416, -23.093, 70.69
11126, 6971.209, 150.0317, -167.6363, -179.3501, -0.1171375, -23.093, 70.69
11143, 6979.713, 150.0283, -167.6594, -179.3509, -0.1169144, -23.093, 70.69
11160, 7000.288, 150.0036, -167.7281, -179.353, -0.1162488, -23.093, 70.69
11176, 7008.243, 149.9994, -167.7586, -179.3537, -0.1159517, -23.093, 70.69
11193, 7024.428, 149.9908, -167.7889, -179.3553, -0.1156642, -23.093, 70.69
11210, 7032.932, 149.9871, -167.8141, -179.3561, -0.1154198, -23.093, 70.69
11226, 7052.958, 149.978, -167.8401, -179.358, -0.1151792, -23.093, 70.69
11243, 7061.462, 149.9741, -167.8662, -179.3588, -0.1149258, -23.093, 70.69
11260, 7081.487, 149.9662, -167.8888, -179.3607, -0.1147192, -23.093, 70.69
11276, 7089.717, 149.9669, -167.8841, -179.3614, -0.1147733, -23.093, 70.69
11293, 7105.902, 149.9604, -167.9072, -179.3629, -0.1145567, -23.093, 70.69
11310, 7122.088, 149.9606, -167.9065, -179.3644, -0.1145786, -23.093, 70.69
11326, 7130.043, 149.9606, -167.9065, -179.3651, -0.1145857, -23.093, 70.69
11343, 7145.954, 149.9729, -167.862, -179.3664, -0.1150436, -23.093, 70.69
11360, 7161.865, 149.9809, -167.8333, -179.3677, -0.1153439, -23.093, 70.69
11376, 7169.546, 149.9819, -167.8258, -179.3684, -0.1154259, -23.093, 70.69
11393, 7184.634, 149.9671, -167.8819, -179.3698, -0.1148796, -23.093, 70.69
11410, 7199.722, 149.9317, -168.0163, -179.3714, -0.1135513, -23.093, 70.69
11426, 7207.128, 149.9174, -168.1273, -179.3722, -0.1124492, -23.093, 70.69
11443, 7220.571, 149.8535, -168.3995, -179.3738, -0.109743, -23.093, 70.69
11460, 7233.19, 149.7726, -168.7668, -179.3756, -0.1060878, -23.093, 70.69
11476, 7239.499, 149.7499, -168.9734, -179.3763, -0.1040291, -23.093, 70.69
11493, 7251.843, 149.6624, -169.3792, -179.378, -0.09998855, -23.093, 70.69
11510, 7263.364, 149.579, -169.7939, -179.3797, -0.09585801, -23.093, 70.69
11526, 7269.4, 149.5591, -169.9836, -179.3804, -0.09396791, -23.093, 70.69
11543, 7282.293, 149.4853, -170.3113, -179.382, -0.0907074, -23.093, 70.69
11560, 7287.505, 149.4704, -170.4753, -179.3826, -0.08907242, -23.093, 70.69
11576, 7298.752, 149.4106, -170.7802, -179.384, -0.0860379, -23.093, 70.69
11593, 7303.689, 149.4008, -170.8941, -179.3845, -0.08490417, -23.093, 70.69
11610, 7315.485, 149.3537, -171.1228, -179.3858, -0.08263078, -23.093, 70.69
11626, 7320.698, 149.3424, -171.2466, -179.3864, -0.08139786, -23.093, 70.69
11643, 7329.75, 149.3174, -171.4048, -179.3873, -0.07982545, -23.093, 70.69
11660, 7338.803, 149.2931, -171.5589, -179.3883, -0.07829331, -23.093, 70.69
11676, 7343.193, 149.2872, -171.6352, -179.3887, -0.0775351, -23.093, 70.69
11693, 7351.971, 149.2733, -171.7258, -179.3895, -0.07663712, -23.093, 70.69
11710, 7360.475, 149.2601, -171.8146, -179.3903, -0.07575714, -23.093, 70.69
11726, 7364.864, 149.2569, -171.8566, -179.3907, -0.07534088, -23.093, 70.69
11743, 7373.643, 149.2499, -171.9026, -179.3915, -0.07488861, -23.093, 70.69
11760, 7382.146, 149.2362, -171.995, -179.3923, -0.07397247, -23.093, 70.69
11776, 7386.262, 149.2352, -172.0078, -179.3926, -0.07384872, -23.093, 70.69
11793, 7398.057, 149.2567, -171.9036, -179.3934, -0.07489822, -23.093, 70.69
11810, 7402.721, 149.2628, -171.8284, -179.3938, -0.07565338, -23.093, 70.69
11826, 7415.615, 149.2878, -171.7172, -179.3946, -0.07677414, -23.093, 70.69
11843, 7421.101, 149.3002, -171.5876, -179.395, -0.07807404, -23.093, 70.69
11860, 7435.914, 149.415, -171.1436, -179.3953, -0.08251709, -23.093, 70.69
11876, 7440.029, 149.4289, -170.9506, -179.3955, -0.08444962, -23.093, 70.69
11893, 7445.515, 149.47, -170.5215, -179.3956, -0.088741, -23.093, 70.69
11910, 7449.904, 149.4962, -170.1797, -179.3958, -0.09216064, -23.093, 70.69
11926, 7452.648, 149.5016, -170.0649, -179.396, -0.09331024, -23.093, 70.69
11943, 7459.506, 149.5516, -169.6478, -179.3961, -0.09748306, -23.093, 70.69
11960, 7466.089, 149.5988, -169.2373, -179.3963, -0.1015901, -23.093, 70.69
11976, 7470.478, 149.604, -169.1685, -179.3966, -0.1022817, -23.093, 70.69
11993, 7482.275, 149.6198, -169.0919, -179.3974, -0.103056, -23.093, 70.69
12010, 7487.487, 149.6099, -169.2004, -179.3979, -0.1019757, -23.093, 70.69
12026, 7495.991, 149.596, -169.2943, -179.3987, -0.1010443, -23.093, 70.69
12043, 7499.283, 149.5914, -169.3737, -179.3991, -0.1002536, -23.093, 70.69
12060, 7507.787, 149.5564, -169.61, -179.4, -0.09790039, -23.093, 70.69
12076, 7511.079, 149.5501, -169.7189, -179.4003, -0.09681396, -23.093, 70.69
12093, 7519.034, 149.5284, -169.8752, -179.4011, -0.09525864, -23.093, 70.69
12110, 7521.778, 149.5273, -169.8985, -179.4013, -0.09502854, -23.093, 70.69
12126, 7528.362, 149.5294, -169.8803, -179.4018, -0.09521561, -23.093, 70.69
12143, 7532.202, 149.5308, -169.8594, -179.4021, -0.0954268, -23.093, 70.69
12160, 7540.158, 149.5296, -169.8675, -179.4028, -0.09535233, -23.093, 70.69
12176, 7543.45, 149.5289, -169.8809, -179.403, -0.09522156, -23.093, 70.69
12193, 7551.132, 149.5312, -169.8637, -179.4036, -0.09539948, -23.093, 70.69
12210, 7557.99, 149.5329, -169.8491, -179.4041, -0.09555054, -23.093, 70.69
12226, 7561.556, 149.5306, -169.8868, -179.4044, -0.09517593, -23.093, 70.69
12243, 7567.317, 149.5219, -169.9735, -179.405, -0.09431428, -23.093, 70.69
12260, 7573.351, 149.5195, -169.9964, -179.4054, -0.09409073, -23.093, 70.69
12276, 7576.37, 149.5183, -170.0174, -179.4057, -0.09388245, -23.093, 70.69
12293, 7581.033, 149.5118, -170.0975, -179.4061, -0.09308595, -23.093, 70.69
12310, 7586.793, 149.4988, -170.2267, -179.4067, -0.09179932, -23.093, 70.69
12326, 7590.086, 149.497, -170.2583, -179.4069, -0.0914859, -23.093, 70.69
12343, 7595.847, 149.4934, -170.2938, -179.4074, -0.09113586, -23.093, 70.69
12360, 7601.882, 149.488, -170.3456, -179.4079, -0.09062302, -23.093, 70.69
12376, 7604.076, 149.4872, -170.365, -179.4081, -0.09043045, -23.093, 70.69
12393, 7609.288, 149.4809, -170.4348, -179.4085, -0.0897377, -23.093, 70.69
12410, 7613.952, 149.4782, -170.4679, -179.4089, -0.08940965, -23.093, 70.69
12426, 7616.421, 149.4779, -170.4757, -179.4091, -0.0893344, -23.093, 70.69
12443, 7624.102, 149.4796, -170.4623, -179.4097, -0.08947357, -23.093, 70.69
12460, 7626.571, 149.4806, -170.4398, -179.4099, -0.08970078, -23.093, 70.69
12476, 7632.881, 149.4792, -170.4528, -179.4104, -0.0895755, -23.093, 70.69